0.00000e+00
0.00000e+00
0.00000e+00
0.00000e+00
0.00000e+00
0.00000e+00
0.00000e+00
0.00000e+00
0.00000e+00
0.00000e+00
0.00000e+00
0.00000e+00
0.00000e+00
0.00000e+00
0.00000e+00
0.00000e+00
0.00000e+00
0.00000e+00
0.00000e+00
0.00000e+00
0.00000e+00
0.00000e+00
0.00000e+00
0.00000e+00
0.00000e+00
0.00000e+00
0.00000e+00
0.00000e+00
0.00000e+00
0.00000e+00
0.00000e+00
0.00000e+00
0.00000e+00
1.48437e-05
9.21875e-05
6.17188e-05
1.57422e-04
1.99609e-04
4.08984e-04
9.15234e-04
1.20625e-03
1.03906e-03
1.20352e-03
9.15234e-04
2.69922e-04
3.50391e-04
3.67188e-04
1.96094e-04
7.50000e-05
0.00000e+00
0.00000e+00
0.00000e+00
0.00000e+00
0.00000e+00
0.00000e+00
0.00000e+00
0.00000e+00
0.00000e+00
0.00000e+00
0.00000e+00
0.00000e+00
1.70703e-04
4.35547e-04
5.67578e-04
1.14258e-03
2.37187e-03
4.74844e-03
8.38750e-03
1.10023e-02
1.30227e-02
1.50559e-02
1.50555e-02
1.36293e-02
1.07937e-02
8.25937e-03
6.00078e-03
3.94648e-03
1.77773e-03
8.89453e-04
3.08203e-04
1.95313e-06
0.00000e+00
0.00000e+00
0.00000e+00
0.00000e+00
0.00000e+00
0.00000e+00
0.00000e+00
7.96875e-05
2.85938e-04
1.01289e-03
2.21680e-03
5.02539e-03
1.01477e-02
1.81094e-02
2.69512e-02
3.66395e-02
4.47711e-02
4.92586e-02
5.15148e-02
4.71207e-02
3.86789e-02
3.06484e-02
2.16629e-02
1.34434e-02
7.10625e-03
4.12031e-03
1.68164e-03
5.19531e-04
1.76172e-04
6.36719e-05
0.00000e+00
0.00000e+00
0.00000e+00
0.00000e+00
7.34375e-05
4.00391e-04
8.42578e-04
3.82109e-03
9.87773e-03
1.96840e-02
3.68887e-02
6.00813e-02
9.00105e-02
1.21146e-01
1.52098e-01
1.78641e-01
1.87380e-01
1.75025e-01
1.47645e-01
1.11530e-01
8.08535e-02
5.31633e-02
3.09379e-02
1.71574e-02
8.27891e-03
3.10547e-03
7.86328e-04
3.22656e-04
0.00000e+00
0.00000e+00
9.37500e-06
5.46875e-06
1.38672e-04
1.86680e-03
5.59141e-03
1.42285e-02
2.85012e-02
5.13531e-02
8.81383e-02
1.37261e-01
1.93511e-01
2.49300e-01
3.04728e-01
3.47230e-01
3.64612e-01
3.52307e-01
3.13685e-01
2.52974e-01
1.88720e-01
1.29944e-01
7.98508e-02
4.70578e-02
2.42223e-02
1.11086e-02
2.99258e-03
8.88672e-04
0.00000e+00
0.00000e+00
0.00000e+00
1.52344e-05
9.96484e-04
5.29414e-03
1.32043e-02
2.80520e-02
5.50762e-02
9.61742e-02
1.54060e-01
2.22594e-01
2.97027e-01
3.68889e-01
4.30790e-01
4.78214e-01
4.97225e-01
4.79219e-01
4.37097e-01
3.71568e-01
2.87888e-01
2.05302e-01
1.30759e-01
7.68488e-02
4.00367e-02
2.05281e-02
6.72656e-03
1.58047e-03
1.47266e-04
0.00000e+00
5.97656e-05
4.54297e-04
2.85859e-03
1.03832e-02
2.34816e-02
4.63070e-02
8.65852e-02
1.46507e-01
2.22961e-01
3.06677e-01
3.90448e-01
4.54761e-01
4.99928e-01
5.27644e-01
5.33715e-01
5.21219e-01
4.94470e-01
4.42318e-01
3.63232e-01
2.64359e-01
1.73512e-01
1.00023e-01
5.36164e-02
2.58566e-02
9.91563e-03
2.05430e-03
1.11328e-04
0.00000e+00
2.56250e-04
1.38633e-03
4.71094e-03
1.45281e-02
3.21359e-02
6.20563e-02
1.13306e-01
1.92935e-01
2.87877e-01
3.82950e-01
4.47727e-01
4.76575e-01
4.82300e-01
4.81569e-01
4.78081e-01
4.80845e-01
4.84262e-01
4.59094e-01
3.92758e-01
2.93136e-01
1.93196e-01
1.12557e-01
5.77590e-02
2.72168e-02
1.09746e-02
2.84531e-03
1.80469e-04
6.21094e-05
6.14844e-04
1.92266e-03
6.48906e-03
1.66652e-02
3.60047e-02
7.14445e-02
1.31698e-01
2.26596e-01
3.36770e-01
4.21030e-01
4.48621e-01
4.29551e-01
3.97484e-01
3.85578e-01
3.87925e-01
4.10355e-01
4.43295e-01
4.42039e-01
3.85659e-01
2.91621e-01
1.92975e-01
1.13173e-01
5.59359e-02
2.35016e-02
7.97070e-03
2.05859e-03
2.15625e-04
1.10547e-04
4.54688e-04
1.80742e-03
5.76914e-03
1.48020e-02
3.40879e-02
7.40867e-02
1.43741e-01
2.49555e-01
3.59719e-01
4.20934e-01
4.09799e-01
3.52576e-01
3.13682e-01
3.11720e-01
3.30250e-01
3.69072e-01
4.21250e-01
4.25554e-01
3.66268e-01
2.72174e-01
1.77485e-01
1.05183e-01
5.11973e-02
1.86879e-02
4.29297e-03
1.36445e-03
2.58594e-04
1.48437e-05
2.43359e-04
1.36172e-03
3.99375e-03
1.11188e-02
3.27781e-02
7.81441e-02
1.59457e-01
2.71547e-01
3.71755e-01
4.08266e-01
3.69488e-01
3.05026e-01
2.80776e-01
2.97423e-01
3.39077e-01
3.86887e-01
4.31636e-01
4.19922e-01
3.45563e-01
2.48136e-01
1.60089e-01
9.64309e-02
4.90523e-02
1.75359e-02
2.64687e-03
7.78906e-04
7.89062e-05
0.00000e+00
1.73047e-04
8.48438e-04
2.47891e-03
9.44805e-03
3.44242e-02
8.90668e-02
1.78811e-01
2.89687e-01
3.72424e-01
3.93735e-01
3.50599e-01
3.02319e-01
3.07204e-01
3.52667e-01
4.05527e-01
4.50539e-01
4.69391e-01
4.25768e-01
3.27732e-01
2.26371e-01
1.46710e-01
9.35148e-02
5.07809e-02
1.85543e-02
2.28555e-03
1.50391e-04
0.00000e+00
0.00000e+00
7.18750e-05
4.05078e-04
1.77969e-03
9.15469e-03
3.99992e-02
1.01412e-01
1.94031e-01
2.97058e-01
3.66281e-01
3.78923e-01
3.49502e-01
3.29743e-01
3.76455e-01
4.44164e-01
4.97303e-01
5.18769e-01
5.03882e-01
4.29650e-01
3.16096e-01
2.16655e-01
1.45671e-01
9.64340e-02
5.41063e-02
2.02246e-02
2.42227e-03
1.03516e-04
0.00000e+00
0.00000e+00
0.00000e+00
1.71875e-04
1.33398e-03
1.00750e-02
4.70152e-02
1.09985e-01
2.00991e-01
2.93748e-01
3.54655e-01
3.66000e-01
3.57671e-01
3.74027e-01
4.54379e-01
5.18262e-01
5.57749e-01
5.48365e-01
5.07128e-01
4.22918e-01
3.08602e-01
2.18429e-01
1.53983e-01
1.01030e-01
5.87730e-02
2.21602e-02
3.14570e-03
1.45312e-04
0.00000e+00
0.00000e+00
0.00000e+00
1.74219e-04
1.32813e-03
1.24488e-02
5.33875e-02
1.14764e-01
1.97034e-01
2.79363e-01
3.33091e-01
3.52007e-01
3.63094e-01
4.10704e-01
4.90101e-01
5.39637e-01
5.58373e-01
5.30740e-01
4.86465e-01
4.02990e-01
3.07411e-01
2.28665e-01
1.64394e-01
1.05824e-01
5.94949e-02
2.23285e-02
3.87383e-03
2.48047e-04
2.61719e-05
0.00000e+00
1.83594e-05
4.44531e-04
1.87656e-03
1.55477e-02
5.92859e-02
1.17587e-01
1.89216e-01
2.58711e-01
3.03253e-01
3.24924e-01
3.45114e-01
3.95973e-01
4.60080e-01
5.00373e-01
5.08000e-01
4.89795e-01
4.53398e-01
3.85560e-01
3.12133e-01
2.42466e-01
1.68529e-01
1.04863e-01
5.43031e-02
2.01051e-02
4.11680e-03
3.17578e-04
8.20313e-05
0.00000e+00
0.00000e+00
5.59375e-04
3.18945e-03
2.03012e-02
6.57313e-02
1.21389e-01
1.81828e-01
2.39361e-01
2.78375e-01
2.97289e-01
3.15601e-01
3.52455e-01
4.01955e-01
4.41073e-01
4.58257e-01
4.56216e-01
4.36696e-01
3.85086e-01
3.22416e-01
2.46154e-01
1.65395e-01
9.83250e-02
4.77945e-02
1.72973e-02
3.83789e-03
2.29297e-04
9.37500e-05
0.00000e+00
4.92188e-05
8.10547e-04
5.57461e-03
2.57328e-02
7.25832e-02
1.29608e-01
1.86782e-01
2.34107e-01
2.64804e-01
2.85549e-01
3.03429e-01
3.26690e-01
3.71831e-01
4.17983e-01
4.49856e-01
4.58206e-01
4.40462e-01
3.93942e-01
3.26463e-01
2.36900e-01
1.51723e-01
8.55172e-02
3.95281e-02
1.44371e-02
4.16641e-03
5.95313e-04
3.94531e-05
0.00000e+00
9.96094e-05
8.46875e-04
7.71953e-03
2.95441e-02
7.76863e-02
1.38196e-01
1.97775e-01
2.48596e-01
2.85313e-01
3.13899e-01
3.33048e-01
3.53949e-01
3.96504e-01
4.47673e-01
4.76395e-01
4.81407e-01
4.49021e-01
3.90299e-01
3.04684e-01
2.09957e-01
1.28018e-01
6.92539e-02
3.17180e-02
1.24437e-02
3.82773e-03
4.82813e-04
7.81250e-06
0.00000e+00
1.40625e-05
1.04180e-03
8.38437e-03
2.88383e-02
7.37566e-02
1.36844e-01
2.04572e-01
2.67053e-01
3.19897e-01
3.63198e-01
3.92484e-01
4.21660e-01
4.61739e-01
5.03369e-01
5.14504e-01
4.92622e-01
4.34534e-01
3.50077e-01
2.52787e-01
1.62951e-01
9.40797e-02
4.90234e-02
2.23691e-02
9.00391e-03
2.54141e-03
3.48438e-04
0.00000e+00
0.00000e+00
0.00000e+00
1.01523e-03
7.38867e-03
2.36613e-02
6.06930e-02
1.19693e-01
1.93800e-01
2.68946e-01
3.40565e-01
4.01193e-01
4.48293e-01
4.85000e-01
5.20973e-01
5.38954e-01
5.16729e-01
4.57394e-01
3.71500e-01
2.71399e-01
1.78409e-01
1.07141e-01
5.75301e-02
2.84840e-02
1.38176e-02
5.47227e-03
1.02227e-03
2.04688e-04
0.00000e+00
0.00000e+00
0.00000e+00
3.99219e-04
4.18164e-03
1.40699e-02
3.92566e-02
8.31723e-02
1.49459e-01
2.29237e-01
3.12983e-01
3.86220e-01
4.44128e-01
4.80091e-01
5.01489e-01
4.95526e-01
4.44534e-01
3.65020e-01
2.67949e-01
1.81014e-01
1.08709e-01
5.90129e-02
2.98129e-02
1.44070e-02
6.77969e-03
2.79063e-03
7.62891e-04
6.56250e-05
0.00000e+00
0.00000e+00
9.37500e-06
1.26953e-04
1.40820e-03
5.80977e-03
1.77059e-02
4.15422e-02
8.56133e-02
1.48283e-01
2.19847e-01
2.94586e-01
3.54578e-01
3.93061e-01
3.99056e-01
3.74995e-01
3.17175e-01
2.40673e-01
1.64054e-01
1.02326e-01
5.51590e-02
2.83953e-02
1.34961e-02
6.50820e-03
2.85039e-03
8.08594e-04
3.33984e-04
3.90625e-07
0.00000e+00
0.00000e+00
0.00000e+00
0.00000e+00
3.39453e-04
1.66406e-03
5.32109e-03
1.32301e-02
3.05602e-02
6.00320e-02
9.60187e-02
1.36559e-01
1.70042e-01
1.95091e-01
2.00561e-01
1.88870e-01
1.58995e-01
1.20207e-01
8.01668e-02
4.69516e-02
2.57555e-02
1.33996e-02
5.30469e-03
2.24766e-03
7.71875e-04
1.12500e-04
1.56250e-06
0.00000e+00
0.00000e+00
0.00000e+00
0.00000e+00
0.00000e+00
1.40625e-05
5.16797e-04
1.65352e-03
4.45586e-03
1.06793e-02
2.13715e-02
3.47781e-02
4.79266e-02
6.18891e-02
7.04988e-02
7.31246e-02
6.98207e-02
5.89004e-02
4.55316e-02
3.11664e-02
1.79273e-02
1.02813e-02
5.50664e-03
2.39336e-03
1.02539e-03
3.50000e-04
8.90625e-05
2.65625e-05
0.00000e+00
0.00000e+00
0.00000e+00
0.00000e+00
0.00000e+00
0.00000e+00
1.83594e-05
4.92578e-04
1.82617e-03
4.11211e-03
7.63750e-03
1.18273e-02
1.56551e-02
2.06332e-02
2.45090e-02
2.56676e-02
2.38621e-02
1.89922e-02
1.48363e-02
1.02914e-02
5.50898e-03
3.49844e-03
2.15234e-03
1.12930e-03
4.49609e-04
1.95313e-04
1.05469e-05
0.00000e+00
0.00000e+00
0.00000e+00
0.00000e+00
0.00000e+00
0.00000e+00
0.00000e+00
0.00000e+00
0.00000e+00
8.59375e-06
1.69922e-04
3.46875e-04
5.20313e-04
6.25000e-04
7.19922e-04
1.21992e-03
1.77109e-03
2.18086e-03
2.24453e-03
1.78984e-03
1.07070e-03
7.00391e-04
6.39062e-04
2.05469e-04
2.34375e-06
0.00000e+00
0.00000e+00
0.00000e+00
0.00000e+00
0.00000e+00
0.00000e+00
